HCG1 6.5008 25.7181  0 
HCG2 7.8752 8.4313  0 
HCG3 8.5478 -7.5931  0 
HCG5 9.7254 7.0635  0 
HCG6 9.7921 -8.3954  0 
HCG10 21.5308 34.6909  0 
HCG14 29.9484 -7.0286  0 
HCG15 31.9124 2.1383  0 
HCG16 32.3888 -10.163  0 
HCG31 75.4037 -4.2567  0 
HCG35 131.3315 44.5216  0 
HCG36 137.3488 15.7956  0 
HCG37 138.3986 30.0142  0 
HCG38 141.9119 12.2808  0 
HCG41 149.4148 45.2394  0 
HCG43 152.8075 -0.0316  0 
HCG44 154.502 21.8123  0 
HCG46 155.5076 17.8149  0 
HCG47 156.4518 13.7316  0 
HCG53 172.2431 20.7763  0 
HCG59 177.1067 12.7262  0 
HCG61 183.0997 29.1778  0 
HCG69 208.878 25.0628  0 
HCG70 211.0549 33.3278  0 
HCG72 221.9805 19.0594  0 
HCG73 225.6672 23.3537  0 
HCG76 232.9245 7.3079  0 
HCG82 247.092 32.8237  0 
HCG88 313.095 -5.7579  0 
HCG89 320.045 -3.909  0 
HCG93 348.851 18.9831  0 
HCG94 349.3187 18.7197  0 
HCG96 351.9929 8.7741  0 
HCG98 358.5532 0.3733  0 
HCG99 0.182 28.3889  0 
HCG100 0.3365 13.1326 0
