#ra    dec   
6.50305531    25.71874351
7.84752499    8.44491191 
8.54336701    -7.59432323 
9.72356371    7.06185672 
9.79254627    -8.39713144 
21.60160388    34.71476042
29.95297113    -7.03142531 
31.91131084    2.14000681
32.38621502    -10.14934476 
50.48260795    -13.66686383
75.41144481    -4.25936785 
131.33630525    44.53972203 
137.34885233    15.79542694 
138.39892425    30.00922743 
141.90142075    12.26729229
149.41621418    45.23665834 
152.8001684    -0.01731268 
154.50412637    21.81290841 
155.49611479    17.80109741
156.45055494    13.73433317 
172.23847524    20.7755012 
177.10959386    12.71857314 
183.11377016    29.16384388 
208.30931077    25.04294407 
211.05285227    33.32251822 
221.97847361    19.06032595 
225.66593539    23.35662991 
229.86434293    20.89294143 
232.91750471    7.30120644 
237.32004612    21.8234358 
247.09022593    32.82550676 
313.09958218    -5.74934512 
320.05041102    -3.89529771 
348.79592614    18.99234198 
349.31923836    18.71955878 
351.99072358    8.77565842 
358.55394276    0.36582056 
0.18082307    28.39601015
0.33003352    13.11811241
