# col1          imagen             ra_1         dec_1       run  rerun camCol field colc_g     colc_i     colc_r     colc_u     colc_z     rowc_g     rowc_i     rowc_r     rowc_u     rowc_z     CIG  RA_AMIGA DEC_AMIGA MB   MBcorr side(arcmin)
 CIG0013_g.sex CIG0013_g.fits  4.05555303   10.33114946 7880 301   4      69    1196.20874 1197.61951 1197.6416  1199.12634 1195.79785 1416.17944 1409.14465 1406.62671 1412.33081 1412.2049 13   4.06196  10.3321   14.7 13.63  5.57264     
 CIG0019_g.sex CIG0019_g.fits      99.         99.      9999 999   9      999      99.        99.        99.         99.       99.        99.        99.        99.         99.       99.    19   6.06754  14.2369   99.0 99.0   4.38592                       
 CIG0078_g.sex CIG0078_g.fits  29.53554738  2.06430449  7717 301   3      527   1982.34253 1979.65601 1980.13879 1982.80896 1980.97888 84.091431  77.336708  74.080154  79.020882  82.26223  78   29.5353  2.06436   15.1 14.06  5.47092     
 CIG0080_g.sex CIG0080_g.fits  29.83148843  19.00766391 7913 301   5      145   911.090149 912.415649 911.318115 912.361572 910.215698 1311.80798 1301.54407 1300.11121 1309.35559 1306.4193 80   29.8323  19.0076   11.3 10.66  18.28352    
 CIG0084_g.sex CIG0084_g.fits  30.62916793  11.09299466 7773 301   3      510   82.31646   78.300285  79.58091   82.835426  79.468697  1434.27808 1424.48621 1421.6366  1431.09058 1429.5758 84   30.6292  11.0933   14.7 14.22  5.42076     
 CIG0095_g.sex CIG0095_g.fits  33.83702027  22.00518021 4843 301   3      152   1980.09143 1977.36035 1978.40222 1979.88904 1978.38892 254.071671 247.003281 247.517197 248.235229 251.81962 95   33.8359  22.0065   15.6 13.66  6.1668      
 CIG0189_g.sex CIG0189_g.fits 111.64746088 43.29634937 4294 301   5      20    76.266769  78.802773  79.280312  77.608665  76.867233  720.849976 714.245667 710.67688  715.655884 718.645691 189  111.647  43.2961   14.3 13.96  8.39576     
 CIG0237_g.sex CIG0237_g.fits 123.48847355 52.64852974 4208 301   3      140   1951.50146 1949.69067 1951.12524 1951.58069 1949.78772 513.907166 506.446564 503.550629 506.615387 509.294312 237  123.488  52.6481   15.4 13.7   11.6966     
 CIG0285_g.sex CIG0285_g.fits 132.29909668 60.22126994 4208 301   5      200   1663.34607 1665.71399 1663.70068 1662.64929 1663.82898 215.650955 210.448334 206.281418 209.800934 213.908539 285  132.299  60.2211   12.8 11.61  17.78524    
 CIG0292_g.sex CIG0292_g.fits 134.87695739 44.91389919 2863 301   3      87    120.819099 119.702629 122.211166 123.471413 119.899284 1312.50562 1305.92761 1302.86023 1306.54639 1311.1825  292  134.877  44.9143   12.3 11.84  11.72356    
 CIG0309_g.sex CIG0309_g.fits      99.         99.      9999 999   9      999      99.        99.        99.         99.       99.        99.        99.        99.         99.       99.     309  137.584  7.03758   99.0 99.0   16.9848                       
 CIG0324_g.sex CIG0324_g.fits 140.51114815 50.97665888 2137 301   3      267   1709.00269 1712.61804 1715.1626  1710.59351 1709.62952 1379.02441 1373.39929 1370.53735 1373.91357 1377.6283  324  140.509  50.9759   9.9  9.33   27.6096     
 CIG0347_g.sex CIG0347_g.fits     99.         99.      9999 999   9      999    99.        99.        99.         99.       99.        99.        99.        99.         99.       99.     347  143.041  21.4997   99.0 99.0   47.7596                       
 CIG0400_g.sex CIG0400_g.fits 152.08605461 31.86270151 4518 301   1      158   1651.83826 1648.52063 1650.2804  1650.83118 1649.7179  1417.76111 1408.49573 1405.33691 1413.22034 1413.02246 400  152.086  31.8631   13.5 12.27  12.38968    
 CIG0423_g.sex CIG0423_g.fits 157.87491302 24.86944252 5087 301   4      52    175.903351 174.776306 174.06102  177.176559 175.332809 1393.87207 1387.03784 1384.21423 1388.86987 1391.64673 423  157.875  24.8695   14.1 13.1   9.35536     
 CIG0428_g.sex CIG0428_g.fits 159.78942098 41.68667555 3813 301   2      103   1891.67749 1891.04639 1891.42761 1893.79321 1891.36365 1044.67957 1038.43298 1034.82019 1037.34961 1042.33105 428  159.79   41.6872   12.0 11.55  14.52312    
 CIG0434_g.sex CIG0434_g.fits 160.67494612 34.4485883  4518 301   2      209   1261.67334 1259.39648 1260.94519 1262.92603 1262.03943 1367.6781  1358.70398 1355.92041 1361.73315 1362.63354 434  160.675  34.4488   15.1 14.96  18.03268    
 CIG0447_g.sex CIG0447_g.fits 163.12938855 36.61922119 3900 301   1      258   125.040482 124.075447 123.579926 126.400688 117.442017 1410.82446 1401.73535 1397.90417 1405.18005 1399.06311 447  163.13   36.6196   11.7 10.97  4.037       
 CIG0469_g.sex CIG0469_g.fits 167.8794269  55.67428003 2826 301   2      231   136.378113 139.98967  141.690048 139.582092 140.571671 393.019043 386.775574 382.972931 386.781708 386.599396 469  167.876  55.6732   10.7 9.75   15.92428    
 CIG0518_g.sex CIG0518_g.fits 181.01717779 31.8958456  4599 301   2      78    869.058777 867.973816 867.992249 870.42157  868.014526 1370.97168 1362.88184 1359.89124 1366.93945 1365.89709 518  181.017  31.8956   11.9 11.22  16.56       
 CIG0543_g.sex CIG0543_g.fits 190.00225111 61.60822677 2326 301   2      81    409.951233 409.989899 409.923889 408.888275 409.109863 1210.51563 1202.25488 1200.59253 1204.22375 1202.229   543  190.0    61.6085   10.8 10.11  23.49956    
 CIG0616_g.sex CIG0616_g.fits 212.97270967 38.19384415 3919 301   2      72    881.553406 879.26123  879.452942 882.392395 880.928833 77.08197   69.218689  66.043922  71.154648  73.354584  616  212.973  38.1939   14.8 13.92  5.23672     
 CIG0634_g.sex CIG0634_g.fits 218.02336457 57.9214731  2326 301   3      178   1922.57117 1922.42041 1922.08081 1919.76563 1921.7135  547.52417  539.409729 537.381226 543.642639 543.782043 634  218.024  57.9214   12.1 11.64  11.83204    
 CIG0668_g.sex CIG0668_g.fits 228.50437184 44.59055403 3964 301   6      102   1582.8717  1583.09912 1581.1156  1583.75598 1583.1958  110.33255  101.913696 99.52713   102.504776 106.991165 668  228.504  44.5907   15.5 14.0   8.6908      
 CIG0669_g.sex CIG0669_g.fits     99.         99.      9999 999   9      999      99.        99.        99.         99.       99.        99.        99.        99.         99.       99.     669  230.231  -2.5781   99.0 99.0   7.41412                         
 CIG0766_g.sex CIG0766_g.fits 250.76520072 36.8321068  2328 301   2      76    72.315285  68.484451  68.393066  72.069931  70.600494  1073.14319 1066.08044 1063.0575  1068.06055 1070.08679 766  250.766  36.8325   11.9 11.29  13.83756    
 CIG0938_g.sex CIG0938_g.fits     99.         99.      9999 999   9      999       99.        99.        99.         99.       99.        99.        99.        99.         99.       99.     938  329.641 14.12272   99.0 99.0   3.57322                           
 CIG0947_g.sex CIG0947_g.fits     99.         99.      9999 999   9      999      99.        99.        99.         99.       99.        99.        99.        99.         99.       99.     947  331.968  31.3590   99.0 99.0   18.07424                        
 CIG0984_g.sex CIG0984_g.fits 341.14351247 3.64626322  7754 301   1      189   1177.39441 1174.22485 1175.70227 1178.27136 1175.17529 72.656784  65.898643  62.353333  66.597939  69.979416  984  341.144  3.64597   14.9 13.7   5.71556     
 CIG1001_g.sex CIG1001_g.fits 344.33143502 -1.04901663 2662 301   1      178   70.475975  67.379234  69.288925  71.057045  67.521034  421.721588 412.523468 409.510742 418.144714 416.376587 1001 344.331  -1.04914  13.8 13.16  3.648044    
